0.000000000 0.000000000
0.019159327 -0.000764589
0.018407806 -0.000735682
0.018295253 -0.000731486
41.692854762 12.499993086
41.692854762 12.499993086
41.692854762 12.499993086
0.023989908 -0.000954794
41.692854762 12.499993086
41.857616901 12.499993086
0.023989908 -0.000954794
41.857616901 12.499993086
0.023989908 -0.000954794
41.857616901 12.499993086
41.857616901 12.499993086
0.023989908 -0.000954794
41.857616901 12.499993086
41.692854762 12.499993086
41.692854762 12.499993086
41.692854762 12.499993086
41.692854762 12.499993086
0.018275364 -0.000730785
0.018275418 -0.000730784
-0.005714698 0.000224004
0.018275648 -0.000730778
41.692854762 12.499993086
41.692854762 12.499993086
41.692854762 12.499993086
41.692854762 12.499993086
0.023989908 -0.000954794
41.692854762 12.499993086
0.023989908 -0.000954794
41.692854762 12.499993086
41.692854762 12.499993086
41.692854762 12.499993086
41.692854762 12.499993086
41.692854762 12.499993086
41.692854762 12.499993086
41.857616901 12.499993086
41.857616901 12.499993086
41.857616901 12.499993086
41.857616901 12.499993086
41.857616901 12.499993086
41.692854762 12.499993086
41.692854762 12.499993086
41.692854762 12.499993086
41.692854762 12.499993086
41.604282260 12.299995661
41.604282260 12.299995661
41.604282260 12.299995661
41.604282260 12.299995661
41.692854762 12.499993086
41.692854762 12.499993086
41.692854762 12.499993086
41.692854762 12.499993086
nan nan
nan nan
nan nan
nan nan
0.018273142 -0.000730846
0.018277141 -0.000730737
0.018275899 -0.000730771
0.018274993 -0.000730795
0.018275841 -0.000730772
0.018275546 -0.000730780
0.018275411 -0.000730784
0.018274472 -0.000730810
0.018275911 -0.000730771
0.018275731 -0.000730775
0.018275520 -0.000730781
0.018275410 -0.000730784
-0.005714469 0.000224010
0.018275361 -0.000730785
0.018275288 -0.000730787
0.018274877 -0.000730799
-0.005715339 0.000223987
0.018276470 -0.000730755
0.018273510 -0.000730836
0.018277152 -0.000730737
0.018275875 -0.000730772
0.018275501 -0.000730782
0.023989908 -0.000954794
0.018278770 -0.000730693
41.857616901 12.499993086
41.857616901 12.499993086
41.857616901 12.499993086
41.857616901 12.499993086
41.692854762 12.499993086
41.692854762 12.499993086
41.692854762 12.499993086
41.692854762 12.499993086
41.692854762 12.499993086
0.023989908 -0.000954794
41.692854762 12.499993086
41.692854762 12.499993086
41.692854762 12.499993086
0.023989908 -0.000954794
41.692854762 12.499993086
41.692854762 12.499993086
0.023989908 -0.000954794
41.692854762 12.499993086
41.604282260 12.299995661
41.604282260 12.299995661
41.604282260 12.299995661
41.604282260 12.299995661
0.023989908 -0.000954794
41.692854762 12.499993086
41.692854762 12.499993086
0.023989908 -0.000954794
41.692854762 12.499993086
41.692854762 12.499993086
41.692854762 12.499993086
41.692854762 12.499993086
0.023989908 -0.000954794
41.857616901 12.499993086
41.857616901 12.499993086
41.857616901 12.499993086
41.857616901 12.499993086
25.821340254 7.726262068
41.692854762 12.499993086
41.692854762 12.499993086
41.692854762 12.499993086
41.692854762 12.499993086
41.692854762 12.499993086
41.692854762 12.499993086
41.692854762 12.499993086
41.692854762 12.499993086
41.692854762 12.499993086
41.692854762 12.499993086
41.692854762 12.499993086
41.692854762 12.499993086
41.692854762 12.499993086
41.692854762 12.499993086
41.692854762 12.499993086
41.692854762 12.499993086
0.018275274 -0.000730788
0.018275500 -0.000730782
0.018275394 -0.000730785
0.018275453 -0.000730783
41.692854762 12.499993086
41.692854762 12.499993086
41.692854762 12.499993086
41.692854762 12.499993086
41.692854762 12.499993086
41.692854762 12.499993086
0.023989908 -0.000954794
41.692854762 12.499993086
41.692854762 12.499993086
0.018275480 -0.000730782
0.018275477 -0.000730782
0.018275367 -0.000730785
0.018275462 -0.000730783
41.692854762 12.499993086
41.692854762 12.499993086
41.692854762 12.499993086
41.692854762 12.499993086
41.692854762 12.499993086
41.692854762 12.499993086
41.692854762 12.499993086
41.692854762 12.499993086
41.692854762 12.499993086
41.857616901 12.499993086
41.857616901 12.499993086
41.857616901 12.499993086
41.857616901 12.499993086
41.692854762 12.499993086
41.692854762 12.499993086
41.692854762 12.499993086
41.692854762 12.499993086
0.018275425 -0.000730784
0.018275385 -0.000730785
-0.005716746 0.000223949
-0.005714980 0.000223996
41.692854762 12.499993086
41.692854762 12.499993086
41.692854762 12.499993086
41.692854762 12.499993086
41.692854762 12.499993086
41.692854762 12.499993086
0.023989908 -0.000954794
41.692854762 12.499993086
0.023989908 -0.000954794
25.824163683 7.726338467
0.023989908 -0.000954794
41.692854762 12.499993086
