41.692854762 12.499993086
41.857616901 12.499993086
41.857616901 12.499993086
41.692854762 12.499993086
0.000000000 0.000000000
41.692854762 12.499993086
41.692854762 12.499993086
41.692854762 12.499993086
41.857616901 12.499993086
41.692854762 12.499993086
41.604282260 12.299995661
41.692854762 12.499993086
nan nan
0.000000000 0.000000000
0.000000000 0.000000000
0.000000000 0.000000000
0.000000000 0.000000000
0.000000000 0.000000000
0.000000000 0.000000000
41.857616901 12.499993086
41.692854762 12.499993086
41.692854762 12.499993086
41.692854762 12.499993086
41.604282260 12.299995661
41.692854762 12.499993086
41.692854762 12.499993086
41.857616901 12.499993086
41.692854762 12.499993086
41.692854762 12.499993086
41.692854762 12.499993086
41.692854762 12.499993086
0.000000000 0.000000000
41.692854762 12.499993086
41.692854762 12.499993086
0.000000000 0.000000000
41.692854762 12.499993086
41.692854762 12.499993086
41.857616901 12.499993086
41.692854762 12.499993086
0.000000000 0.000000000
41.692854762 12.499993086
41.692854762 12.499993086
41.692854762 12.499993086
